RERUM ET VERBORUM. 101

1111111111111118. 11, ⁰, 11. Ι, 11, 10. 111111111111111111Ι,
1111111ε11111 11111, 11. 1111 1111 1,1.

111 111111 1111111 111111 ΙῬ,ΙΙ 16, 111111111111118. Ι, 6, 11.

11.11111111111111,1,1.11111111.
Τ.1111111111111111111111181111111 113111131ιί 11111118. Ι, 11, 6.

811111111111 1111111111 11111118. bego· 1111111 111111 11111111 111-

1, 6, 1. 11111111111, 11, 10. -111111111
1111111111118Ι,10,111111 1111111, 11,611101111 (01-
(111111111111,Ι11111Ι11111,11.ΙΙ11. 111111111111111111.) -1111111
[1111111011111111111111Ι1111 S. Ι, ΙΙΙ, 1, 6.

1,11.011111111111111111111Λεῖμμα Plato 1111111111111 1111111

1111(1118.Ι,10,10. 11111111 0. ΙΙ, l, 11.

11111 1111111 1111111111 vovit 1111111111 Ciceroni· 1111 111 11

Regu 11 11111. 1111111 1111111 1111 1111111111111111111 Ι.Ι, 1,1.

1111118. Ι, 1,16. 1111111111 1111111 1111111111 ΙΙΙ, 11,
1111111111 8. Ι, 11, 11 11111111· 11. 81111111111111.11.

11111 111111, 11,1. 111111111111011011111111111111
111111111111111118.ΙΙ,1,11.111111111111Τ11111111111111111·
1111111110.Ι,11,6. 1111 11111 1111111111 8. Ι,1),11.
(11111111111111111111 ΙΙΙ, 19, ⁰. 011111111111111111111111111111111
11111111, [1111111111 1111111118. Ι, 8. Ι, 11, 6. 1111111111111111

16, Ι6. 1111111111 11 1111111111 1111111111
1111111111111111181,1,1.1111118111111118 Ι,10,16. 011
1111111 1111111111 111111111 ΙΙΙ,1,11.11111 1111111 1,11111 11111111111111 1111
11111111 1111111111111111111111111 111111111118. Ι,,11 10. 81111111

quum (1111118.11,1,16 1111- 11111111111111111 apud 1111111-

111111111 1111111111 11111111 Ι).1,11111111111111Ι“11 111111 V, 10,1

611111111111111181, 1161111111 111 1Ι1 11111 11111111-
01111111111111111111111111111 11111181, 11,16. 1111111111

111111111101111111111111111 Aquario 1111111111 0. Ι, 11, 1.
8. Ι, 16, 10. (01. 0. Ι, 18, 11.) 11 11 1111
1111111101, 111,111111,11 1111111111 1111111111 11111. niu·
16, 101 11, 1 111110, 11 11, 6 111111111111110. Ι, 10, 6.
119111, 11. 1111111111, 11, 16
1111111111 111, 1, 1; V, 1, 11. 11111 1111111111111111111181,11,11.
11111 V, 11, 1. (11111111 0111111111 111111111111 11-
11111118.1,11,11. -protem 111118. ΙΙ.1, 16. Μ. 1111111111
1111. 81111111111111. Quo· 1111111111,11,11. (1111111111
111111 11111111111111111111.191111111111Ι1,Ι1.
1111111111 111. 111111. Lepidum 11111111111’,ΙΙ 1,11.
Laudare: 1111111111 111, 16. hepar-rim ΙΙΙ, 11, 11.
11111111 1111111 111111 mutabantur (1111111 11. 11. 1111111111 agiu·
11 regia 111. 1111. 1111181, 11111.
11,6. 1111111111111111111,10, 1.
111111111118.Ι,11,11.1111· 111111 8. Ι,11,11.
1111111 1111111111οῶ 1111111111 11· 1111111111 11111111, ,111111111111111
11111181, 16,16. 0.Ι,11,11. 111111. 1111.
1111111111 11 ’11111111111111 111· 1111111111 1111111 11111, 31.
11111111111111,11,1. 11111 111 11 1111111 11111 0. ΙΙ,
111111111111111111,19,6. 11,11.
laum 111111111111 &couniuntur 111111111111111.
1111111111 1011111111 ΙΙΙ, ¹²³³· [111 111111Ρ1111111111 ΙΙΙ, 11,11.
bavaro 11111 111 11 111111 1111111 0111111111 11111. 111111 1Ι1.6.
111111111111111,1,111.11111111 11.11111.116,11. -
1111111110111111111111111111111111111101111111,11,Ι1.11111-
16.1. 111111, ΙΙΙ, 11, 11110111111 11.
11111111 1111111111111 1111111181-111-1111111111Τῆ Gracchi
111111 11111111 11111111111111 ΙΙΙ, 116 1111. 1111 11111118. Ι, 11, ⁰.
1,11.1111111111111111111111111111111
1111111111111111, 6, 1. - 111111 1111111111111111118. Ι,11,1.
11111111111111111,Ιι,1. 111111--1111111111111101111
1111111 111 1 Graeci· nominetur 1111111111 gratiaeque conviviorum
11111111 cognitio (11νᾶ111111) 0. 8. ΙΙ, ⁰, ⁰.

 

