168 ΙΙ. INDEX

1111616116 16616 S. 1, 18, 22. 111116- 11616666 6161161161 ΙΙΙ, 16, 1 66.
16116111 6161 6 6661111611166 666· 11161611111161111666661161116666·
611161 Martiale 66661161618. 1,1, mu S. 11, 4, 21.

16. 1111616Ιί661 1611111 61161661, 1116161616 figmentis 6661661166 11·
1166 61661611616111 11116. 1116166 V, 11, 6.

1111161 66161 616166 1161161661 61 1116116 11611 S. 1, 1, 6. - 6161 S.
11111666 61 1161166 8. 1, 18, 9. 1,4, 16.

16616 61166666116 8. Ι, 18, Ι 116. 1111111166 6 ’111116 116111Ιί6 1611111111
·- 16616 116 161 16 161616 1161111- 8.1,6,1.

1161166116 111. 1 rq. 61 18. Cur 11166111661116661161116161’11,4,211.
1616166161111116116.16. 16 Ρ61- 111666 11661166 661616 6611611 1ἸΙ,
nuno 16661661 161611166 6616· 16, 26. 06666616 6161 161111616
11161111 111. 6. 111116 6166616111 16 6611611129. 1166166666111 ignit
’11116616 111. l. 1116116611166 ib. quaeratur 111. 26.

22. 166111 611 6611616 8. 1, 19, Li 6111161 16666 Τ111611666 1116166
11616. Apud 11666666166161 661 1111611.

6161 11166166111661 116616, 666 11166161, 6666 quor 11111616 66666-
thyrro, inriguo 111. 2. - 116116- 6161661 6116661616 S. 1, 18, 1.
rum 6611166111 1. - 111666 111661611611116611.

11116161 11111166111 11116. ’1116116 1116611 6661116616 661661 11616166
16111 111, 1, 22. 86666161 8.1,11, 16. -

6161116 611 S. Ι, 18, 11. Ro· 111666 6 6116616 66161161 G. 1, 6,
1111166 6161 66666 16 2111111616 35; 12,6. - 66 666116 66616
66116 11116. 1111161 66161, roric 66116111611661161116110.1,11,
1111166, 16 0161161616 666111 111161- 16. - 16666 6616166 1616 (1.11,
16116 1661111116 6116616166 61 ro· 2, 6. 1116666 116111 6666116 (1.1,
66116116116161661116160.1,12, 6, 1 61 11. 1116616 1666166166
12. 1161 6116161611. 8. 1, 19, 2. [6111116611 16. ’1. 1616161 (1166666
11161 66661616 6661116166 1,21, 116666 6661161616 wormacie 1616.
11. 11111611 (1161610. 1, 12, 8. 16 116666 66616 666 1116166616
111116 116116116 S. 11, 8, 8. 611 11,6,

1111111161 66161 166 1166661111 116-. Lingua 1161166 quarn (1166661616
1161116111, 18, 12. 11161161 8. ΙΙ, 2, 11. 11166666

11111616161666111668. 1, 61661, 1. 11166666 Latinaeque 6666611611.

Libertini· 6166111116 non 611 liei· 61661. 1.

1616, 666 1166111661661 111116 S. 1, 1161666616 661 6111 C. 1, 6, 66.
612166. 11166111666666616666 1116111166 666181, 10, 16.

16616 616166161 111. 13. Libertini 116666161661116111, 1, 66.

16 sacramentum vocati 8. 1, 11, 1166166116111111,6,·1.

1111611. 111666166161166111661111161111,186.

1111116 6166111110. 1, 16, 143 18, 16 11116161616 666 661661616116111,2,
61 16; 8. Ι, 21, 26. Veneri 66· 7. (01.6.16,6.1 0616616616661
signatur C. Ι, 21, 21181, 12, 111, 6, 6.

11. 166661666161661610. 1,18, 11116116 0. 1, 1, 2.
11. Ρ616 661 8661611 11. 1, 18, 11116161 6666116166161611,1, 16.
13; 8. 1, 12, 11.61 21, 26. 111116166 1666161 6661661 0. 1, 6,

11161616 G. 1, 22, ’1. · 19. Litterarum 11661166 666 66-

11111616 16111666 66666 vicina 0. 11, 11616 61616616 1161 1). 11, 6. 116.
1, 19. 661. 111116161616 616 1116161166

11111161 8. 1, 11, 21. 6161666616 6616161166 6661161 0. 11, 111, 8.
existimant 661616 occidentem 8. 111116161616 61616111 (i. 1, 18, 2.
1, 21, 19. 16 11116161 6616 V, 19, 11.

[1161111666 Apono S. 1, 11, 26. [1111616161118. l, 24, 12 61 811 vl,

11161616 166111, 11, inq. 7, 2.

11161616 virgo 16116116 qnando 666· 11116166616611661166116111,8,1166.
61161 dixerit S. 1, 111, 6. 11116 1111166 66611161666161166 6661111116
6111666111 6611111111 1616111111 1166- 61161661 8. 11,6, 6.

11111 66666616111611 111, 19, 11. 11111666 11661111, 26, 1.

1116161666 6166111, 20. 6. 1111166 611. Ρ661616166.

Licinii (116661 16116661 6611116111, 1166116161 1111616166 8. 1, 6, 16.

11, 16. 1116161116 (1161161 111161 116666 6111611661616111 16616111, 6,
111, 11, ’1. vir. 01611111. 11161- 866 .; 4, 21111666 6, 2. 11661
61616111 16 6116111116 161161, 6666 qni 1111611616661 161611, 6, 1.

 

