AUCTORUM. 881

12, 8, 8, V. 228 111, 111, 4, 4.
1.21111.2,1,9. 1, 21811,
111, 4, V. 1. 280. 21, Ι, 8. V.
28011, 2, 8, 8. V. 281.2 2,11,
18, V. 288. 21, 1, 20. V. 218 11.
12, 8, 8. 1. 211 111. 2, 8, 8,
1. 28111 1“1,2, 18, V. 298
1129811 111,4,12. V. 801
qu V, 18,12.18212111 2,
191828111915.1.841
1112 81 1.881, 2,22,1
1..88111111,,911111, 2888
111, 2,,) 9 1881111221
10,1.88811,118,18 V.
819111. 2, 8, 11. V. 890 2
18,1.1,408.12,8,14.1.

10811, 1). 8, 14, V. 1011112,
q. V, 18,14. V.
1182111, 21, 2, 28, V. 122, 21,
8, 11, V. 128. 12,8,14, (V.
110, 1’,12, 2, 1.111 111, 2, 8,

4,21. v. 11011

12, V. 19211, 111 verb. 9, 9,
1.198 111. 2, 8, 18. V. 888, 12,
2, 2. 1, 880 111. 12, 4, 14, 1,
88811. 12, 8, V. 1, 880. 12,

8, 9, V. 888, 11 v. 891 11.12,

8,8,1801211181,801
111, (2 18, 19, V. 828111
2, 11, 9 v. 812 11.111,8,1,
18181112881,81111
11111188 11.1,811.12,,8

8. V. 88211. 8188811, 111, 8,
12702111,4,13112,111
111,111,1,1118, 2,129.12,
4,8. V. 182,,22 11, 18, V.
ΠιΝΛΛ.8182111
V. 192111.2 V, 8, 14. - ΙΙΙ.
1.,,10128,,111,,112,,1
4.,112,111,,.19 1.,19111,
8,,2 1,,211111218 1.28.
111,,.108 1,18.21, 6‚.V V.
81,118,1. 1..’,’,8822Ι 1.
V.w.wm58 ffwmq
Μ.1910’,,γῐ18,2.9111.
1,,88. 1,11811,18,19.
111 11111. 2, 2. V. 118 11.111,
4,8,1.119.111,88,,1110
8218111..1802,18,18.
2.131, 11. 19 80, 11811128,
18. (1..181)(),11,8.1.118.
21,,,180 1.192,22,,,.811
192211, 2, 8, 8. V. 199. 21, 1,
21, (V 20911112 2,11, V.
282 11, 11111111,1,10. V.
Vn.ww⁵nqu.v,
22,11,1.128821.2,,88.
vaMM.v.mm

ἡ ffiqamw.mqwm
²⁶, 8191111118 1120111,
22. 281 (1120111,,)22,14.
1, 13111, 111,,.410 118811

’2 2,,82, 1,18911.,,12810.11
ξ· v,6’,.V 1818111221110

V. 888 11, 2, 88, 1810111.
2, 11, 10. V. 88811, 21,4,19,
muffihnnmu
VV, 11. 1.118. 2111. v.
mstffiqmvwnvhh
88, 1. 821,2 111 11111. 9, 21.
1,8221112,18,11.1.828.
12,,.8111,881.2,,.180 V.
818,12,8,18,1.81811.12,8,
91899121,,,4141.112
1111841,118.,,2811.-
12.1.411.119. c.1„.VV
v 5⁶1«, 111, 1,81111’,’,.81
1812111,821.8121.11
111, 12, 10, 1. 81,111,4,8,
1, 8811. 111, 8,2, 1, 8811.
2“1,8,18, V. 89111.2,8,9.
1.11111. 111 verb. 8, 18, 1.
18111, 21, 4,9, 1.11811,,2
18,.812.1,,1128111.
21911. 111, 2, 9. 1, 288111.
2,,.8ΙΙ 1.212.,,,,218181
288,2,11,19. V 101 11.12,
8,.1 1.10211,2,11,18, V.
888111, 2, 11, 14. V. 811 11.
21,1,88.1.401,2,14,10.
V. 11911. 12, 8 8 V. 1282
n.VV, 19. 111 11111, 2,2. V.
111 111. 2, 8, 18. 1,188,21,
V, V. (1181111.) V, 11, V.
V. 182. 21, 1, 9. V. 812. 111,
1‚V. 1811112189, V.
811, 21, 8, 9. V. 8882 21, 8, V.
18811112,8,11, 1881
21,1,28.1,8811.12,8,18,
1888.21,1,81,1,89011.
12, 2,2. 8111,,,818 V. 891.
12 8,1, V. 8121111, 12,8.
mewmlvvm.*
111,8,2 V. 881.2,,,.128101
881112.1, 1, 42. 1, 88911.

12,(,122 2889111288 ,

V. 811, 12, 8, 12, V. 89811
1191 ’1181112118
-2, 1 111, 2, 2, 12, V. 8
111,2,,,1118121118.
1.11,2,,.2111.9811.2,,1
2. (V. 101111,)2,2, 18. V.
111111 2,11, 20. V. 19111
12, 8, 21, V. 28811, 111,2,
8,.128111. 111,2,21,
281. 21,8,19, V. 289111,
2,1,8. V. 802. 21, 1, 81.
V. 811, 111 verb. 8, 11, 1,
ω2111ΜῊΛ,
82. V. 821, 2,]4,8, 1, 828
11. 111 18111, 9, 9. 1812. 21,
88, 1.1οι.11,8,8, v.
mwwnanmffi
1,81.131,11,1,.81,181
{VVVVV .².·..'.t·.⁴‚⁸3·. ⁶³ ‘V
111.) V, 111181πίςὲ 111,

 

