8³2

’11 1111111 1111 1111111
Ι, 1, 11. - 111111 11111
mingitur 11. 1. 011111 1111
111111111 111 11. 11. 1111111111
1111111 11111 1111. 8111 11-
111111 11. 11. - ,11111111 11.
m -111111 15 11. 8111111-
1111 1111111 1111111111 diei plo·
1111111181. 11111 11 np-
1111111 iungitur 11. 11. 11131
11 Pau.. 1111111 11. 11. 81111·
11111 11111 111111 11111111 111
11. 15. 81 111111 11111111 111·
11111 11. 11. - 111 11111111
1111111111. 111
[1111111 11111111· 1111111 11111
1115. Sin 11111 111 1111 11·
1111111. 11. 1111111111 111111·
111111 111 1111111111181.
8111111111 11, 5, m septen·
1111111 11111111· 1111111 11-
1111111 11111 0. 11,1, 11. 81
1111111111 1111111 11111111 .
ΙὲΙξ, 1. Fan· 1111131 0. 1,
septe-trimli- 111111 111, 11. 13,

· 111. 15. 811111111111111111-

hiuhma 0 ΙΙ, 5, ll Perpetuo
1111111 mrem 111 0.11,1,111.
septentrio-nn· plu 11. 11. -
111111 0. 1, 15. 11. 1111 111111λ
1 11111 11111110. Ι, 11. 1.
&pai-m 0. 1. 8, u 11 te.

8τ1111111 111111 1111111110.
. 11, 11, ιι, 1.

&pulli 11111 1111111 11, 1, 8).

8111111111 11111111 11 11111111 1,
'aaran ,11111 cua. 1, a 1.
11.,0. 1,10, 1ς81, ¹¹3 8. 111,

Sem 1111111 11, 1, 15.

811111111, 111

81111111 1111 111, 211, 1.

81111111 01111 11111 111111 111111
11111.

81111111 111111 11 11111τί11 11-
11111 1111 111, 1, 1 sqq. 811·
11111 1111111 tenporibus epure
cognatum 111 1111111111 11. m

8111 1111118113, 1.

serpente· 11 11111 1111 111,11,11.
11 1111111 111111 11111 111 111·
11111111111118.1,11,11 811·

&32:2333'1‘1223·'3“”³¹⁸2¹³·
. , , .

81111 111 1111111 111 1111 111·
1111111111 8. 1, 11,1111. 011
11111 1111111111111111. 11. 81111
1111111111 11. 41 111. 811111
111111 1111111 11111111 11Ιί111
11111 111111, 11111111 81111-

11. INDEX

11111118. mu. Saturnalibus
1111 tam? 111111 licenti·d 8.
, , . 1111 11111111 111
811111118. 1, 10, 22 011111
11111111· 11 111 11111111 111·
1111111111. 111111111 1111 111·
11181, ΙΙ,1 111111111111
111111, 1118111 11. 13. 81111-
111 11111111 11 1111111 11111-
11111. 11111. 81111 1111111
111111 11. 111 111. 811111 11 11-
1111 11111111. 12.

811111 ’111111 1111111 81111111
1111 1111111118. 1, 11, m

81111111, 11 111111 11111, 0111111111
1111 1111118. ΙΙ, 2, 5.

81111111111 1 81111111 111111 8.1,

Segia! 011111 11 11111111 1111111

81111111 11 111111111 8111111 111111
11111111111111 111111111111-
1118. 1, 1, Β.

81111111 11111 turpior 111 qnam
1111111111 8. 1, 11, 9.

8111111 (grunnitu) p. 1111.
111. S Ι. 21, 8 11811.

8111111 ’1111111 1111111 1111111-
11111 1111111111 111111 8. Ι,
13, w. 111111111111 1111111-
111 1111 1111111 111111 1111.
011 111 111111 111 111111 011-
111181,11,83. 81 1111111-
111111111111 11111.

811111 111111 1111111111 111 11111
11 11111 p. 1..

8111111 0111111 1111111 11111111
111 11111111111118. ΙΙ, 1, θζ

8111111 princepe ΙΙΙ, 111, 1.

sangani„ 1111111 11 pom 111-

&ffifflssffi {ich-²1:³19. 1.

81111111 111111. pum mm·
8. Ι, 11, 8 11 35.

81 1111. 81 tm 11111811

sebe· ,1111 111, u, ιε.

sibylla 111 cognominato· 111011·
111111 1111118. 1, n. 21.

8111111 11111111111, 1, 5.

Sibyniai 11111 111111118. Ι, 11, 13;
11, 11. 811111Ιὶ1111 1111111 11125.

8111118. 1, 5, 1.

81111 111 111111 11111 1111111111
111111111111 pm 0. 1,11, 611.
811111 eloquendi genn· apud
1111111111, 1, 11.

811ιῇ111 111, 111, 81.

Mu Σπούριος 1111 S. Ι, 1, 28.

81111111 11 1111111111 compton 111
11 1. 1. 11 111.. p. 11 11.

81111118. 1, 11, 21. - 11111111

'militumi

 

