710 11. INDEX

1118.1,14,0. -00100101 C. 1111 011. 0001001 11111. e. 1.

111), 0.. - globoso. '’f'’ 11, 0101110111 0. 11. 0110101111 1111

0010,ἶοοῬ01001111001111011110111ᾕ 01000110, cognomen Pompeii 00111

aimo 0101010111οο So. 0, 0. - 01108.11,0,0.
011 teutonorum 01111101 11011 di· 0101100001111 (1111111111, 10, 0.
0100111111 1111111111 C. l, 10, 10 aq. 11110010 1018. 1, 11, 0.
00001111101101 01101100100111011 01000111 01111 G. 11, 1, 00.
naturam animia 1111111110. 1, 10, 0110111 1111 S. 11, 0, 0.
14. Quam vim 1011011 1110111111 Magia: Botion p. 1111. 100111,
(1.1, 11,1 100. 1100110 11110011 1,00; .10, 0. :postoima
0111110011 1101110011 111, 10, 10. 1111, 10,10.
1110011000.1, 0,10. 0113111111 0110110 1110010 1110100001
11000101Ιὶ1 S. 1, 10, 0. 00110111 101110010018. 1, 10,1.
110 01 pm 10101111 0011101, 01001 0110010111018. 1, 10, 00.

.1, 11, 40. 0110115010001 10111 11130110111111.1,0,1.

111111 11111 1111110 o? 1111110301 1.

00110101 1110101101 ponto· 01111111 Magnitudo 1101111010’0.1,10,0100.

10001101110111111,10111011. · 0111100. -10111 (1.1, 011, 10.
1111111000 --. 0110010110 111, 0, 1. 011 01 11,0, 10.

1111111111 0111101011 8011101110 10111- 01111, 010100111 10110081, 10, 10.

1111111 011 8. 1, 1³, 0. - 01110111 ihm. 010010 01111
1101111001 0101 8. 1, 10, 011. 01 11011001101 1 11101100 110101-
nouom amba 01111,0, 10. 1111111110. 011 mercatorio-0 111.
1111110110 0110 1, 10, 10. 19. 1100011111. 0111. 0100010111
1101 prima 1110001011 1111111118. 011 1011 nomiae Bonae 0011 111.

1, 11, 01. 111011 1011111110 0011- 01.

1011101101 G. 1, 0, 00. 11010101· 01010111101011111018.1,1010.

1010110 111010.1,11, 10. 010 0111011010 11111 10011011 11110111

rationum 0. 1, 1, 0. 011 001- 0. 1, 0, 0.

0111100 vm, 10. , 01110101 11010101000, 1111101 Ρ. B.
11111111111011111110.11011011111110- 1 Romulo 00011110110 8. 1, 10,

1110100111, 10, 1111001011 . 10.. Δ 1001010 patho· 111, 0, 0.

110101 011 11101111 1011111100 100, 01010101 101110011Ιί 8. 1, 0, 10.

0, 00. 0011000110011101110 11· 011101 1011111 0101111 11100 0101·

1101110 111 reprehendenda· 111. 111081, 10101011.

00100. 011101110111111 1111011110 010101
00101βο0 101101 81, 11, 00. 011 1μο ’1010011001 111. 11.
hymen 110111011οι1 11,0, 1010. 010110110111101010101 11, 4, 00.
Moto, 011101 10181, 11, 01 0141. Μο1101γ11 moecharum 811, 1,10.
Aoum& Apollo 111. 00. 01010 = 111111010ιο8. 1, praet, 1.
latoni 1,4,10. 0101010111110018.11,4,10. -
11101111 000110 8. 1, 11, 00. opinato· 11,0,1.

Ammona 111. 01. 0101011000 santa 11, 14, 0.
1110310Ιὶ011 Τ1101111011 civitatib. ἔο1111 :tvobllo 0. 1,.ίο1, 008111ἰ 1
010101, 101 11110. 111101 1 11110 00.ι.1”10.“101.υ.111010111011111”0101060

01011111. 41. 8.11,0, 10. P. Mallius, 010010·
111001βί 111111 c.11, 11, 0. 0101 1111 hospes S. 11, 3, 11.

· 10111111001001001111100100110 011111010 001111110οι 1011110 grata
0100001 vn, 000. vu, 0, 0. -1011011111, 10.
[11110001111111 10111011 chordarum 0111010 1 0001 uomodo 01110111
01110 1130111011 S. 1,Χ 10, 10. 111, 10, l. Maurum {nora 111.
lachanna 0110101010101 vl, 1, ffzffilfflzfflhzli'ffij

1010 1 qua 0 amorgan 1-

011010011 10111101, 11100001, 10111, 101 (1. l, 0, 00.
1011310001 prol. oap. 1. 110 eiu· 0110οη1111 vu, 0, 000 0, 1.
0001111010. 11. Platonicorum 10- 010110 011111 01010111 111 8. 1, 0, 10

0011101001 1001111 1001111 011 f. aq. ·- pra 1110011. 10. 01010
111. 0101101010 01111011110111 100111 8. 1, 11, 04.
0111. 1110101010 existima· 01 0111018.1,0,10. Por 1111111001

 

