1180111101 VERBORUM.

800101101000011. 1, 00, 10.

800110 V, 0, 143 0, 0 eqq.

Scyphue 1, 01, 0. -· 1101011110 pe·
0011110 10. 10.

8οἶ11110 11101000 00000 110100 0.

8011010010 mere 01110 gete 0110-

8οΞ11111111ξὲ111111011111018110101 010100

80 fertior C. 1, 0, 1³.

80011111.1,11,11;10,0019. =
10110 1, 10, 0.

8000000 vid. 010000.

800011100 (1.1, 0. 1. .

Scene virile 00 010110010111, 10, 1.

80001100 001 0000100001 8.1,10,

100110 0010 0130111001 10 110100110
0110110111, 0, 10.

80 011010 01801001 0οΙ 0001010001
11111110 00001100018. Ι, 10, 0.

Σεληνόβλητο18 1,11,11.

Seleuci regie 000101 001 terrent
ultio S. 1, 11, 01.

80110 0010110 0 Tanto 110011110 10·
0111010 S. 1,0,1. 801110 01100111
00110108.11,11, 1ος 111, 0,0.

Σῆμα .-.. 001μο C. 1, 11, ³.

801001 (0111 101 01100101) c.1, 10, 0.

8010οΙ001 1100011 0000001 0000110-
0010 110001 8. 1, 10, 11³.

801000 genereth) eet 111,10, 10.

, 801000 00110 10011 0100111 111, 0,

0. 800100 1100101 10 ritem 0. 1,
0, 00. Eine 110 1010. nte· 100100
1010. 80101010 00001110 111, 10,
111. 8010101000 00 011010011 011
1110100 110 10 10100100 1,11, 10
000. 80101110 00101010 101001 00
caeto 11011000 8. Ι, 0, 0 Rerum
000100001001 100110 0010101001 11.
,11, 0. 80101110 110100100 1,10,0.
- loquendi 111,0,10 - 011·
101001 0. 1, 10, 0.

801000111001 pirum ΙΙΙ, 10, 0. Se·
1010011100 101100 8.1, 10, 0

8010100110 10110 111, 10, 0.

Seminarium 1110000001 000000 (1.1,

801011οη110 e 11100 procreate 000011-

0010 00000010 01001101 c. 11, 10, 1.
semitonium C. 11, 1, 00 eqq.
8001101001 S. 11, 0, 11.

Σεμνῶς 11, 1, 10.
8001001001 qui 00111100001 101100

000011011018.1, 10, 0.
800001001011001011 000100 111, 10,

115- optime 0010110011010 111,
8010011οι 0110181, 10, 10.
8000001010 8.1, 110.

80001100 00100100 0000 00001010.

101

Ι,11,10. 0111111111 0011010
1010100. 110000 etque 01100101
001111, 111, 10. 000 013110 00-
monstretur 1010.

8000010 000011001οἱ0ιο 010001 11,
e, 0. 001 011 1010100 01 01000
1'11, 10, 0.

80000100 loquer 01 10110110 1010100-
0100011000οιαο 111, 0, 10.

8οἓ01ἰ1010 10000010 0000100101100

. ,11,10.

Senex 110 0011100 011 10101ομ0000
111, 0, 11. 001 00000 1101100001
0101011001110100 111, 0, 10. 1101
100110 inebrientur 10. 10 eqq. 001
100110 1010011110 1111001111, 10,1.
1100 eb Homero 10000101 110110-
1100000101111,10,1000. 801100
0110111 00000 0011010111 100110 10-
1100010 111, 0, 01. Senem eor-
pgreweteee 010010, 0011011ορ010
1 . 0.

80010 0111100010 (1.1, 0, 00 S. 1,
11, 11, 111, e, 1.

8000000010 0011000001οω 111, 0, 00.

800000 001000 00111000 eoeperit
000 10011 111,0,00010 800000
0 0010010 0101011011 111. 0. cer
Ιο eapite 100011 010110. 111 11. 1,
0,01. 800000 010 00 8. ΙΙ,0,
10;1’11,0, 10. 0111 011100 001-
0011 10011011010. 80000010 01000-
010 00001000 de 1011000 0000001
111,11, 11 eqq. - 0000011101
0101 000000001 001010 (1.1, 11,10.

800100ῑί001 00011οο01 00 00 011010
potueritne 0. 1, 10, 10.

8001001101001 1101. 00 1, 10, 0.

80011000 prodigia 01010 000100100-
101 111, 00, ³.

8001110 01 01000010 001010110οι ee·
10110 0001 0001110 001 0001101100
c. 1, 11,10. 800110001 001010
00 000 00 0010 10011 (1.1,10,
113 19, 00. 0000001010 001-110-
1010 001 0011110 1010. 800110001
110 001 100110 011 0010100 (1.1,

11, 1 eze. 81111110 = 0011000·

0011000 ,1, 0, 00.

80011001 = 00 011010 300010110,
10. 8001000000 0101110 11. 1,0,
0. 80011000..01..000101110111,
1010. ·

Σεπτᾶς, 000100011οι (1. 1, 0,10.

Septem neque generetur eeqee ge·
00101 G. 1, 0, 10. 1101110110 000-
1010 01 0010 001100 1001101 000-
10010 001 C. 1, 0, ³. 110. 1101.
Septem eoeperit perte· 10. 00.
'- 1110111· ib· 810

Septembrem 1001100111 (1011000101
0000110110οσ 1010011 110011110ου0
8. 1, 10, 00.

 

