118 . ΙΙ. INDEX

Mi· 1111111101 0. Ι, 11, 11. officim 11118.ΙΙ,1,19.
0111111111 1111111 1111111 (111 officim 1111111111, 11, 1111.
81111111 111111 Weu) V, 18, 88. Officia 1111111111 0. Ι, 8, 81.
0111111111111111111111 8. 1, 11, 1111111, 11, 11. .
18. Ome 11, 1, 1. = 1111111111111

“mentio 1111111111 0. Ι, 1, 1. 11, 11, 11.

011111111110. Ι, 1,1; 11, 11. 0111111111 genera ΙΙΙ, 10, 0. 01111

0111111111 11 0111118. - 1111 11 11111 1111111111111111 11111-
11111. 1. 111. 0. 8, 8. 1111111 111, 18, 11.

01111111 11111111, 1, 8. 01111111 ΙΙΙ, w, 8.

Ouiae 1111111111 1, 10,1. 0111111 11111111 1111111111, 11111

“eim 1. um. 111. 0. Ι, 0,11. 111 11111 ΙἸΙ, 11,1111. 011

mahti- 1101111101, 11, 11. 11111111 1111111111 11111111, 11

0111111111111 111 11111111 semiplenum 11111·

0111111111 1111118. Ι,8, 11. 111111 11. 11. 0111 11111111 111

occipitii 11111111 ΙἸΙ, 10, 111. 11 11111 1111111111 111. 18 11.
011 111111 1111111 11. 1 111· 0111111111 1111 1111 01111111 ΙΙΙ,

omum 111111 ubit 11 1111111111 18, 11.

11111111 111111 0. ΙΙ,0, 1111. 01111118.Ι,11,10.

. 1,10, 1. - 111111 111111 0111111111111111,11,18.
111111110.ΙΙ,1,1110,10 011111 01111111 111 1 1111 1111111111 1111.
11111111 11 111111110. Ι, 8, 811 ’0111011 111 ΙΙΙ, 11, 8.

110, 1. 0111111 1111111118οο 0111111111,111111111111,11111111111
8. Ι1 111111111111111111111· 111111 ΙἸΙ, 1, 181111.
111 111111 1111111 0. ΙΙ, 10, 11. 01111 1111 1111. not. 11111, 8, 11.

01111111 011111111 11111111 11- 01111111,11,8;1“Ι,8, 11.

111111 111,8,1. 0111111101 p. 1111.

01111111 01111111 11111111 1111- 011111111111111111 0. Ι, 11, 11.
1111 1111111111 ΙΙΙ, 0, 11. 'Ortum 11111111 0. Ι,8, 1. Quid

0111111118. Ι, 18,11. 111 111. 10 111.

0111, 1111111 111, 111 1111111111 ’0111111111 1111111 ex 11111111 111-
1111111 111 0. ΙΙ, 1, 10. 0111 11111111 lm, 11.

1111111111 1111111111 1111111 011111111111111111111111118.1,
ἰριῃὶιίικῖιῖἔῗελὲῗῆ 1018· 0113111101 --· 111110111111 ΙΙΙ, 11,
111 11 1101111111 111111 111· 1111.
1111,1111111111111111ἰ11111 1111- 0111111111111111111 ΙἸΙ,1, 1. ·-
1111 8111111111 11111111111 01, 1111111111 111, 11, 111.

8, 8 111. 111. 011111111111111. 01111

october 1111111 0111111111 111111 011111 111, 011.

s, 1, 11 11 ομ. mesano ιιι, 11, 11.

0111111111 1111111111 1111111111 111·- 01111, 1111111 11111 1111111111
11111111111111111111 11111 1111· 8. Ι,18, 10.
1111111111111110.Ι,1,11;ΙΙ,1, 0111111111111,11,18. -111111
11. -11111111111111111111111 1ἸΙ, 11, 11. - 11111111 111,
0. Ι,8, 18. 11 1111111111 111 18.

1111111111,111111’111111111 1111 01111111 111111 11111111 11111 11-
11111111- 1111111111 111. 11. 1110. Ι, 11, 11.

01111111 111 111111. - 11111· 011111 111111 1111111 1111111 111
111 Ι”ΙΙ,8, 11. -11111111111 11111111111110.Ι,10,3. 011-
panarium 1ΙΙ, 11, 18. Bona 111111 1111111 11111111111111111-

11111111 1111111 1111111111 111, 111 0. Ι, 11,1. 0111111 111 111

w, 88. 11111 11111 111 8. Ι, 11111111111111111111111111111
11, 11· 111. . 111, 1.

0111111111 1111111 0. 1, 10, 11. 0 11,’011111111111111 1111 01111

odora 1111111111 8. Ι,11111.,8. Ι1.11,1 sqq.

01111111 ΙἸΙ, 1, 18. 011111 111111 ΙΙΙ, 8, 111.

0111111 = 1111111 S. Ι. 1,1. 011 111 111 11111 11111 Ι. Ι, 10,

Offensa numinum 0. Ι,1, 11. ·- 11. nat 8111111 coniux 111. 10.
1111111111 0. Ι, 1, 9. - obten- -11111 11811111101111011
1111111 0. Ι,8, 1. - 1111110. S. Ι, 11, 11111. 01101111111111-
1. 11, 8. - 1111110115, 1ος 111111111111111111111111111,9,1.
8. Ι“ΙΙ. 11. 1. ’011111 11111110. 5, 10.

 

