3181011111.. 169

1.13111.1,9,4.11111,1,23.
(1. 11611111.) V, 2, 13. 11 13,
11131Λ1Ἃ1Λ1
111111111331161
1. 3031111. V, 9, 3. 1. 303 sqq.
1,9,1. 1. 314 sqq. 1,9,8.
1. 323 sq. V, 9, 16. 1. 399111.
11, 6, 12. 1. 416. 11, 1, 36.
1. 422 sq. 11, 1, 18. 1. 433 sq.
11,6,14. 1. 433 sqq. V, 10, 13.
1. 434. 1,13, 11. 1. 433 sq.
11, 6, ³. 1. 439. 11, 1, 23. 1.
439 sq. V, 9, 11. 1. 4163111.
11, 1, 3. 1. 436 sq. 11, 2, 21.
111Πμη3ιωω1
1, 12, 9. 1. 33111111. V, 13,
23. 1. 363 sqq. V, 12, 12. (1.
311.) 1, 13,12.1101. 1. 331
sqq. V, 19, 13. 1. 399. 11, 3,
nmfflqffimmswu
ΙΙΙ, 3, 8. 1. 672 sqq. 1‘1,2,³2.
1. 613 sqq. V, 11, 26. 1. 684 sq.
1, 1113. 111111. 1', 13, 33.
1. 133. 11, 3, 8. 1,161. 1, 11,
ηνΛηῊΛΛιιΜ
sqq. 1, 9, 14. 1,194. 11, 1, ³0.
1. 806 sqq. 11, 3, 4. - X. 1.
2. 11, 1, 10. 1. 63 sq. 11, 2, 2.
1. 33. 11, 6, 24. 1. 100 sqq.
11, 2, 261111. v. 101 sqq. V,
1³, ³³. 1. 129.*1,11, 19. 1.
136 sqq. V, 13, 4111. (11.
swnmqffimauw&
11,6, 18. 1. 139. 1, 14, 16.
(smqqffimsvstm
11, 3, 12. 1. 264 sqq. V, 16,
ιιυωῳῆηω.ιω
sqq. V, 16, 2. 11 13, 33. 1. 234.
11, 1, 62. 1. 314. 11, 1, 6. 1.
ΜΗ113ῃπω13
9. 1. 360 sq. V, 1³, 21. 1. 301.
1η31ω133ω
verb. 8,14. 1. 393. 11, 3, 8.
(1. 411.) 1, 13, 9. 1. 413. 11,
6, 3. 1. 419 sq. 111, 1, 3. 1.
444. 11, 6, 3. 1. 449 sq. 11, 1,
36. 1. 461. 8. 1, 16, 43. 11 1,
16,1. 11. 461 sqq. 11412. 1,
16, 4. 1. 43311, 1, 24. (11.
303 sqq. 11 311 sqq.) V, 2, 13.
1. 321. ib. 16. 1. 324 sqq. V,
mqwmqfflzmn
330 111. 11. 1. 331. 11, 3, 6.
1. 334 sq. V, 1³, 2. 1.331. 1,
2, 11. 1. 362. 1, 13, 11. (1.
363 sqq.) V, 16, 9. 1. 391. 11,
2, 11. 1111 sq. 1, 1, 11. v.
641.11, 1, 48. 1. 633.1, 13,
meqwastswnq
11, 6, 9. 1,12311111. V, 10, 1.
1. 13911111. V, 12,16. 1. 143 sq.
1. 11, 30. (1.141.) 1, 13, 1. v.

133111. V, 16, 14. 1. 161. 1,
&armumqsswz
11, 3,11. 1. 312. 11, 4, 8. 1.
319. 11, 6, 14. 1. 344. 11, 3,
3. 1. 330. 11,4,23. 1. 334.
11,6,13. 1. 336 sq. 11, 8, 8.
1. 361 sq. 11, 6, 16. 1. 319.
11, 4, 24. 1. 3813 11, 6, 6. 1.
16η34-Χιι1η
6, 4. 1.1311].111,3,11. 1.
24* sq. 11, 4, 9. 1. 39 sq.
11,6, 1³. 1. 49 sq. 11,6, 1.
1. 63. 11,3, 1. 1. 32. 11,6,
3. 1. 33.11,3,3. 1. 12411.
ῊΛΛ3νΛωηΛ133
1. 133111. 111, 3, 6. 1. 191.
1, 16, 16. 1. 19111. 11, 6,
3. (1. 226 sqq.) 1,2,13. 1.
230. us verb. 8, 21. 1. 243. 1,
mmvffwmssffiffln
v. 261111. 11, 3, 12. 1. 233. 11.
13, 19. Do 11111. 2, 2. (1. 336
sqq.) V, 2, 13. 1. 413. 11, 6,
21. 1.42311111,11,2,16. 1.
ω1311ωῃ1
3, 13. 1. 436111. V, 16, 11.
1. 431 sq. 11,1,18. 1. 493.
11, 3, 8. 1. 300 sq. 11, 4, 16.
ιωηῆη2ιω
sqq. 111, 8, 3. 1. 601 sq. 11,
4,6. 1. 669. Ι1,6,14. 1. 690
sq. 11,6,13. 1.131. 11, 1,
Qvamwstahsm
sqq. V, 13,28. s. 163 sqq. V,
1,121411,13,11. 1. 110111.
1Ι,1, 18. 1.19411.1,3,1.
mwmffiwnmm
11111. 8, 6. 1. 336. 111, 6, 13.
11 1, 22, 2. 1. 330.11,4,23.
1. 360 sqq V, 3,2. (1. 869.)
1, 13, 9. 1. 332. 11,.9, 12. 1.
390. 1, 14 211. - ΧΙΙ. (1.
11 sqq.) V, 2, 13. 1. 19sqq.
V 1,16.112,11. 1. 43 sqq.
11,4,16 ..11.1. vam.
1. 93 sq· 11, 6, 10. 1. 101 sq.
Ι1,1,2. 1.14911].1,13,39.
1Μ11361Λ661
11111. 3, 11. 1. 204. 11, 6, 16.
1. 206 sqq. V, ³, 14. st 11, 6,
ηνΛπἾ134νΛᾺ
1, 15, 11. v. 111. 11, 1, 31.

1. 234. 11,1,32.116,1. 1. .

293 sqq. V, 13, 10. 1. 331111.
νηιιμυωῆωΑ
(1111.) 1,11,1ι. v. 111·
11,4,1.111,13,12. 11.
161611111Λπ
«111, 1,11. ..11111131
v. 341. 11, ³, 11. 1. 332. 11,
1,11. 1.361. 1,11,26. 1.
mwhhmmwwm
1111. 3, 11. 1. 636. 11633. sq.

 

