RERUM ET 1Ε11110111111.

1161 611161 16111 111, 99, 9.

111666 61116 1, 9, 6. 11166661 1161·
11116 111. 6.

116 pro 11116 8.1, 4, 19.

161666 pathetica, 116111 11, 6, 1 61
966. imagine· 161616 16 666166
61116 61666166 111, 14, 6. tna·

“ ginon 61 1166166116 ο.1,6,16.
inungo 66611 11, 6,1.

11611166 6666 quoe 1616 6611661 0.
11,1,19. - probant 661616 motu
6111116111 16 1611616 C. Ι, 99, 6.
6616666666 16. 9. Ferme 161-
161 11, l, 691 6,1.

1611161161 deun S. 1,11, 49.

1616116116 6616111166 1, 96, 14.

lenitati 6666661661 61 modestiam
1616116 811, 1, 9.

1161161 1, 11,19.

tn eroco cum 666. 6. 161. p. 61..

dd. S. 11, 6, 6.

imperatione 161166 8. 1, 16, 6 66.
imperativus 1666116 1). 16.

11666161 6611616666 66611 8.1,96,6.

16 6616 acono. pro 66161116 8. 1,1,
99; 19, 96.

1666111 11116 16 8. 1, 19, 19.

inamabilis 11, 1, 16.

166616611111, 6, 19.

61ἷῖ6616 (61611166) S. 11, 6, 961 166

,11,1.

inchoativo 161166 1611161661 11.91,4.

166116661111116610.1, 16, 16.

Inclinatio 1666166 666116 8. 1, 6, 19.

1661166666 veebum 11, 9,11.
166666161661161111 11. 1, 16, 1⁰3 9),

incontinentes, 1111661111 8. 11, 6,11.
incorporali· 11666 0. 1, 16, 9.
Incorporalitas p. 111. - animani).
1, 14, 99. nto· primo accinctio
16 66616116 C. 1, 6, 4 61 16.
incorporem p. 66111.
incubatori). 1, 19, 16.
1666166166 6616 61111, 1, 16.
indago 0. 1, 19, 83 S. 111, 14,16.
16666 61616111 666116616666. 111,
16616 quicquid 6111111 111, 6, 96.
Ex 16616 66661 111, 1, 16.
166166111666116 66616661116 p. 661.
166.161.110.Ι,1,4; 8.1, 16,
911 14, 63 1611911666.
16616116611661166 0. 11, 9,1.
Indicium pubiicum (1. 1, 1, 91 6,1.
indifferenter 8. 1, 4, 916 19, 96.
indigetes divi 0. 1, 9, 1. 661.
indigitare S. 1, 11, 16. 1161.
1661166666 11, 9, ¹3 6, 6 166 6, 66
nasonia 666.. ..66111 6. 1, 11,
6. 1661116666 1666 6616166 0. 1,
11, 1; 19, 19.

tot

1661161 11661666 11, 6, 1.

1611116161 661616111, 1, 9.

1116111 cum acc· 1161. 66 0. 1, 9, 9.
166.1,14, 1.

indvclctgcce = praebere p. 1161. Ate.

,1, n.

indnnentnn 1661116610. 1, 11, 19.

ingenlco 61 16616161 611616 1616166

nequiori ..16666166 16, 11, 11.

16616666611161 16116666 0. 1, 1, 6.

161666 666666 incipiat 6661666616,
firmiter incedam 61 61616, 166
66111616 6611666616 61 16661 111-
16616 11. Ι,6, 61666. 1166 611166
§calm 6611611616 attigit 1611616.

16166116 61661166161661 166161 11,
6, 9. 161661166 661 611 6116116166
6661666 111, 19, 9. insontia prt-
1666 6616111 111, 16, 4. insontia
cini 111, 1, 16.

161611666 61116166 111, 96, 6.

161611 666666616 Platonico· 0. 1,
11, 6166. - 6661166661 61166 ib.
1666. - 116166 vitoe (2. 1,19,1
666. 616166 qnid 6666 1616166 616-
16161161 0. 1,ιο,1166. - 16·
cavarunt 661666 16. 19. [incon
11616166 ib. 11. - 66666666661666
6161 intelligendu 16. 19. 1616·
161661 deorum 661166 111, l, 6.
Pac 66166166 61 6161166116 116
666166118. 1, 19, 1. 1616161616
consultatio 1, 9, 14.

1611166 661 16116 Sanc, 0.1,99,4.

1611611111 6166661611 116616111616 .
11.. 666. conc 16166 166166611,
11, 166 16, 123 11, 4, 11 6, 91
8, 111 cam 161666666166111661
6661 61116 6611116 8. 11, 1, 6 61
113 111, 4, 43 V, 6, 161 111, 6,
11699. Ρ16 6616166 16111166·
1116 6661166 111, 4, 173 6,191
cnm genitivo subiecti 1161. 66 0.
¹, n, 106 vm· commum·

infinitate 6161166 11, 16, 43 19.

indigno⁴ 66616 6161166 (1.1, 11, 161
1, .

influxio 0. 1, 19, 10; 8.111,19,116.

16816616ἐ16ῇ16111616 fugiendum 661

161166116666161, l, 16.

161ν6ι1ἰι116666216661 6166116166 1666116

i t ¹

16161611166 111, 9, 4; 6, 14.

Ingenium 611166116616 11. 1, 6, 6.
ἦ 1161 61 6161111 1’11,19, 19 61

1116116161 111, 16, 19.

16 arginem 1611161611. 1, 6, 4.

taison 66661611666111, 6, 11.

initiatae 6661116611. 1, 16, 9.

 

