RERUM ΕΤ VERBORUM.

11111111 1111111 0. 1, 19, 99. 11111111
1111111, 19, 10.

111111 ΙΙΙ, 16, 16. 11111111 1, 99, 9.
ipsum 111 11111 111, 19,9 1111.

lenc, qunc brevic 11111111, nermo
11, 9, 9. 11111111 vt, 6, 9.

1111111111 proprium 111 111111 11,
11.

1111111111, 1111111111 111. 111. D.
19, 991 111 11111. 6, 8. 111111111-
1111 1111119. 10, 10.

1111 V, 9, 13 19, l.

1111111 11, 9, 4 cq.

Iugum 111 digestu 11111111 111

,8,11 .

111111111111111 11111111 1111111 8.
1,90,19. -111 tem 111 rurum
1111111111. 18; 91,11. 011111111-
111 1111111111 1111 corpu· 11111-
1111111111.

11111 111. [litter.

1111Ιί1 (1.1, 1,8; 8. Ι,1,19. Gni¹
11111 111 Hesperia S. Ι, 9,19.
111111 reguo 11111 optinuit S. 1,

111111111118. 1, 11, 94.

1111111· 111, 11, 9.

111ὅ11111111111111 metientium 111

. ,91),19

1111111 1111111. 1. 111. 8. 1, ’1, 91.

11111111 1, 9, 18. 1111111111· 111·
11111 0. 1, 19, u.

itiner, nominativus antiquus S. 11,

m· ’111111 1111 qui 111 1111111111
1111 8. 1, 19, 14. -111111111-
11111111.

1111111 1111111 C. Ι, 91, 14.

1111111 111111 111, 90, 8.

1111111111 1111111111111111 111, 11,
6. 111. 111.

1111111111 unicui· exspectandum 0.
,1,1.

1115111111 competentia p. 11111; ,411-

111. p. 914. ,

tugutie 11111111, 11, 9.

1151111111 111, 14, t.

lugeant nux, qnnci 11111 glun· 111,
, 1 .

11ςς111111111111 0. 1, 8,1.

11111 111111111111 8. 1, 11, 11.
Eine mcccc 1111111811 unqu.

11111. 111111111111. 1 11, 11.
- Eine 11111 1111111111 d. 1, 14,

1111111111 011111· ungui· 111, 19, 11.

tutius 11111111 1111111 Quintili· iic·
WSLQM

111111 11, 9, 9.

lunia Tertiu, 81111111 tint, 011111
uxor S. 11, 9, 9.

1111111 Kalendae 111 11111111111111

siut S. 1,19,99.

11.

105

11111111111. Maium.

inuium Brutum primum conculcen
1111111111 nomeu dedisce 11111
menei 11111111 putaverunt S. 1,
19, 91. Maniae 11111 quomodo
immutaverit S. 1, 1, 99.

111111 menei· 1111111111 111 8. 1,
19, 1611901111.

1111 1111111111118. 1, 19, 90. -
1111111 utque 111 C. 1, 11, 191
8. 1,11,94. -111111111111
11111 111, 4, 8. - 1111111 cuni
11118. Ι, 19, 90. 111111111ἰεί9.
18. 011118111111111 1111111
1111 ibit. 11111119111111111111
liniendis 111111 11111111 8.1,19,
90. - Caprotinae 11111 8. Ι, 11,
99. Populonia ΙΙΙ, 11, ti. 0111
11111 coronet coniux 11111111 0.
1, 11, 19. 01111111111111181,
11, 99. Deorum 11111111111111
1, 11, 9. Eut inter 1111 Penates
111, 4, 8. 11111311 11 boun 1111111
111. 10. Specie 11111111111 in·
dicante 111111 1,19,11. lunc·
uie 1111111111 iurgium 1, 19, 98.
1111 1111 unta 11, 9. 9. -111111
1111111 ,9, 111 0111111ιί11
conquenitur in 11111 111, 1, t.
1111111 1111111111111111811111
Deum 8.1, 19, 99.

11111111 111118. 1, 9, 19 11119,
19. - 11111111 8. Ι, 19911.

iuppiter 1111111 11111111 (1.1, 11, 141
81, 18, 19. Eine 111111 pingente
11111111, 1. 1. 11 1111111111111-
111 nacte s.1‚ 11,10. 1111111111·
111 1111111 11111111 111, 4, 8. ic·
111 11111111 111111 8. 1, 91, 191
99, 9. iuppiter 111111 111 qui 111
8. 1, 99, 1 cqq. Iuppiter 11111 111
1111111 1. c. 1111 11111111111111111
in 11111111 1111, 10,11. [uncis
111111 111, unde 1811111 11111-
1111111111 111 11 Diespiter 8. 1,
19, 11. Apud theologo· luppiter
111 mundi 1111110.1,11, 14. 1111-
11111118. 1, 10, 19. (ine 1111
’1111111111 dictu· cit 911111 8.
1,11,11. 11111111111111119.
1, 99, 10. Eiuc 11111111111111.
19. -1111111111118, 1111111
olympium cx 11111111 111111 Pini-
1111 1, 19, 99. 11111 81111111
1111111111 111, 1, 9. ΔΙ) 1111
111111111111 uu

. ‚ , .

11111 111111 1,19, 99. 11111 11
lunonis nuptiae 1, 9, 9. 11111
Elone 111, 18, 9. luppiter 11191111·
11111 1111 1111111111 111,9, 4.
Bet 11111111111111111 111, 4, 8.
11111 111111 1111111 1111111111

45

 

