. ssffi

Ι INDEX

6, 4. 1. 680. Ι, 14, 2. 1. 600.
11,1,1. v. 111.11,1,11. v.
6³2? ΙΙ, 6, 16. 1. 674, ΙΙ, 1,
26. 1. 681 16. ΙΙ,6, 18. 1.
11116. S. 1, 6, 10. 1.111166.
Ι, 7,8. 1. 702. ΙΙ, 6, 16. 1.
111. 1, 11, 11. 1.111. 1,11,11.
1. 824. Ι, 17, 18. (1. 846.) Ι,
1⁶, η· Vs 8711 v2¹41⁶·- v..
1. 6. Ι, 12, 6. 1. 66. Ι, 14, 4.
1. 68 16. ΙΙΙ, 6, 6. s. 461111
111117, 2. 1. 47 16. ΙΙ, 1, 6.
1.11616. ΙΙΙ, 6, 6. 1. 0016.
ΙΙ, 4, 2. 1. 110 sqq· ΙΙ, 6, 2
166. 1.124. ΙΙΙ,2, 6. 1.141.*
v, ΙΙΙ, fl· Vs ΙΙΙ. ΙΙ, fl, 8· V·
167. ΙΙ, 6, 6. 1. 170 166. ΙΙ,
2, 27. De 111111. 7, 2. 1. 204.
11,1,1. 1.111.1,1,1. v.
22016. ΙΙΙ,1,8. 1. 262 166.
Ι, 7, 16. (1.266166.) Ι, 2,
16. 1. 26816 ΙΙΙ, 6, 6. 1.
111. 11,1, 14. 1.111. 1,14,
11, 1.111. 1, 7,11. 1.111. 1,
14,1. 1. 111. 11, 6, 4. 1.111.
ΙΙ, 4, 16. (1. 667 sqq.) V, 2,
14. 1, 66616. ΙΙ, 6, 16. 1.
666166. Ι, 7, 12. 1. 4061166.
ΙἸ, 6, 16. 1. 427. ΙΙ, 6,2. 1.
446. ΙΙ, 6, 14. (1. 460166.) Ι,
2,14. 1. 470166. ΙΙ, 1, 1.

1. 407. ΙΙ, 6, 8. 1. 40616. “

ΙΙ, 1, 4. 1. 61616. ΙΙ,2,26.
v. 622. Ι. 6, 12. s. 620 sq. ΙΙ,
8, 14. 1166616. 11 610. S.
1, 6, 11, 1. 646. 0. Ι, 16, 12.
1. 67816. Ι, 6, 6. v. 662166.
1, 11, 11. 1.11116. 11, 4,11.
1. 606166. Ι, 7, 14. 1. 607 16.
71,1,11. (1. 111.) 0.1, 11,
12. 1. 60216. ΙΙ,4, 16. 1.
111 .6.11,4,11. 1, 111. 11,
1,11. 1.62116.1Ι,1,11. 1.
622. ΙἸ, 1, 60. v. 626. ΙΙ, 6,
6. 1. 626166. Ι, 7, 16, 1.
66616. ΙΙΙ, 1,6. 1. 644. Ι,
17,16. 1. 666 sqq. C. Ι,0, 6.
1. 111. 111, 1, 12. v. 111. 0.
Ι, 6, 6. (1. 679166.) Ι, 2, 14.
1.111116. 1, 7, 6. v. 111. 11,
Ι, 46. 11. 724 et 726. C. 1,14,
14. 1. 727. 0. Ι, 17, 6. v. 766.
c, 1, 6,11. 1. 111. c. l, 0, 4.
1.141.0.1,10,17. 1.1111.
De 1116. 6, 16. 1. 84916. V,
1,11. 1. 111.11,1,26. 1.
897. cs Ι, ³, 61 '- vn· V· 91
ΙΙ, 4, 7. 1. 10 sqq· Ι, 12, 7.
(1. 10 166.) V, 2, 14. 1. 16
sqq. Ι,6, 1. 1. 60 16. ΙΙΙ, 1,
²· V· 93. ΙΙ, 9, Ι. 7196 lq·
111 11111. 6, 16. 1. 160. ΙΙΙ, 1,
2. 1.170.ΙΙ,6,11. 1.18716.

ΙΙ, 6,·1. 1. 107166. Ι, 6,2.
1. 240 16. ΙΙ, 1, 6. (s. 260166.)
1,11,11 1..111.)1,1,11.
1. 111. 11, 4, 20. 1. 111. 11,
6, 2. (1. 266.) Ι, 17, 6. 1. 201
11³·.¹⁸'.’.²’.² 61611111·
1 1 · “ · 6 s·
1. 660. ΙΙ, 6, 7. 1. 417. ΙΙ,6,6.
1. 462 166. Ι, 11, 26. (1. 471
166.) Ι, 17, 2. 1. 620 sq. ΙΙ,
1,16. 1. 628 sqq. Ι, 16, 20.
1. 666. ΙΙ, 4, 6. 1. 667. ΙΙ6
6. 1. 686. ΙΙ,6,1. v. 601166
ΙΙΙ, 6, 6 166. (1. 616 166.) Ι,
611. (1. 111.) 1, 17,6. 1. 111,·
ΙΙ, 1, 64. 1. 66616. ΙΙ, 1,66.
(1. 641 166.) Ι,2, 16. 1. 646.
1,11,1. 11. 141. 111. 111.
670. 678. 691. 706. Ἰ26. 744.
760. Ι, 16,16. (1. 666166.)
Ι, 16, 4. 1. 664166. Ι, 16, 16
11116611 6111111
26. 1.761. Ι, 16614 16. (1.
766 166.) Ι, 16, 4. v. 766166.
1, 11,11. 1.111. 11, 1, 11.
1. 704166. Ι, 16, 16. 1. 606
ΙΙΙιῩίΙῘ 4(1.-11Ι1.,Ι.ΙΙΙ’1,’1,Ι.’
1. 00. ΙΙ, 1, 67. 1. 01. ΙΙ,
1,61. 1. 16016. ΙΙ, 1,16. 1.
167 sq. Ι, 14,16. 1.17616.
111, 1, 16. 1. 111. 11, 6, 7. 1.
162166. Ι, 6, 6. 1. 164. Ι, 6,
6. (1. 106166.) Ι, 14, 16. 1.
107. ΙΙ, 6, 14. 1. 246166.
Ι, 16, 14. 1. 266. Ι, 14, 8.
1.111. 111,1, 12. 1. 111. 1,
21, 1. s. 2761 ΙΙΙ, 11,614
6. 1. 266 16. ΙΙ,12,1. 1.
200 166. ΙΙ, 6, 14. 1. 206. ΙΙ,
6, 16. 1. 61116. ΙΙΙ, 2, 16.
(1. 111.) 1, 16, 6 1. 111. S.
Ι, 7, 26. 1. 66216. ΙΙΙ,6, 0.
(1. 670 166.) Ι, 2, 16. 1. 406.
c.1, 14, 14. v. 466166. Ι, 6,
1. ..111, 11, 1, 11. 1. 111.
ΙΙ, 4, 16. 1660166. Ι, 6, 6.
1. 661 16. Ι, 14, 16. 1. 660
166. Ι,6, 10. v. 606. ΙΙ,1,
22. 1. 607 166. ΙΙΙ,6,6. 1.
612 sqq. V, 6, 11. 1. 620. Ι,
16,66. 1. 646. 1Ι,4,11. s.
676 16. V, 14,10. 1. 601 16.
1, 14, 11. 1.111. 11, 1,11.
1.11116. 11, 6, 11. 1. 714.
ΙΙ, 6, 2. -1x. 1. 16. ΙΙΙ, 6,
11. 1. 16 16. Ι, 6, 1. 1. 67 .,
16. ΙΙ, 6, 16. v. 47 sqq. Ι,1,,,1.
11. 1. 60 16. ΙΙ, 6, 6. 1. 1114ἰέ
sqq. V, 16,22. 1. 116 sq. 11ρξ
611. 1. nesq. 1,1,1 16,-1.
lv' ⁴, ns Vs ¹⁴⁶ qsv, ⁹2 ³· Ι “

 

